n	moy	max
1	44.6472	58
2	43.9057	58
3	44.6982	58
4	46.217	58
5	46.5384	58
6	43.7041	57
7	45.5154	58
8	43.6656	57
9	46.047	62
10	45.9529	58
11	46.2464	58
12	47.112	62
13	46.6993	60
14	41.7125	60
15	46.8121	63
16	46.4022	62
17	45.1822	62
18	46.0912	62
19	45.5319	59
20	47.6065	62
21	45.1568	62
22	45.8306	60
23	48.3834	63
24	46.5879	62
25	42.0829	57
26	44.2931	59
27	45.6882	60
28	42.9663	58
29	42.7919	59
30	43.2574	59
31	44.4983	59
32	42.9717	54
33	44.8095	60
34	43.5425	58
35	44.5885	59
36	44.7822	58
37	46.3137	60
38	45.402	59
39	40.1246	56
40	46.3387	62
41	51.1402	63
42	47.4619	64
43	49.0395	63
44	49.9581	63
45	49.9429	63
46	49.2885	61
47	51.5048	63
48	50.6943	63
49	46.9846	60
50	47.1946	64
51	47.4214	60
52	48.2328	61
53	48.466	63
54	49.329	62
55	50.372	63
56	48.7613	62
57	49.6155	64
58	51.4663	66
59	50.1381	64
60	47.3495	59
61	48.5735	62
62	51.2813	65
63	49.3689	62
64	49.6065	63
65	51.2267	64
66	49.972	63
67	49.9637	64
68	49.8856	62
69	51.0804	64
70	53.0499	66
71	51.5522	64
72	50.1226	62
73	47.2815	60
74	44.8391	60
75	45.3798	60
76	46.6482	60
77	47.1202	60
78	48.99	65
79	49.4993	64
80	46.8178	61
81	48.3463	63
82	49.187	64
83	50.5445	65
84	50.4436	64
85	47.1744	61
86	45.3542	59
87	46.9808	60
88	47.9714	62
89	48.6248	63
90	48.561	62
91	50.0057	65
92	50.5942	64
93	48.2703	61
94	45.3967	59
95	46.3397	59
96	46.9048	60
97	46.5439	60
98	47.7152	62
99	48.8903	64
100	49.9176	64
101	46.374	59
102	46.8954	60
103	48.388	60
104	47.049	61
105	50.1355	65
106	49.9801	64
107	46.7473	61
108	47.8698	62
109	48.9644	63
110	48.9935	63
111	48.2405	62
112	48.87	63
113	48.9524	62
114	50.4943	65
115	50.243	64
116	51.3921	64
117	49.9916	63
118	47.8635	61
119	45.5449	58
120	43.907	57
121	43.6414	61
122	47.6944	63
123	47.2467	63
124	47.0531	60
125	46.8933	60
126	47.721	62
127	48.8635	63
128	48.8544	62
129	44.2701	60
130	45.6522	62
131	46.1253	63
132	44.7052	58
133	47.1695	63
134	45.1851	60
135	46.1361	63
136	46.2616	61
137	47.7532	63
138	48.0027	63
139	43.5718	58
140	43.6721	58
141	45.6804	58
142	45.7134	60
143	44.4367	59
144	45.9753	62
145	46.2079	59
146	46.6116	63
147	48.4231	63
148	47.4717	62
149	43.3232	57
150	44.5495	60
151	43.6841	58
152	45.8901	60
153	43.1823	59
154	44.8794	60
155	44.1095	59
156	44.351	59
157	44.0179	59
158	45.7494	61
159	44.0827	59
160	44.4129	58
161	45.9646	60
162	46.141	59
163	41.1489	57
164	45.3002	64
165	44.0411	61
166	43.418	59
167	43.9806	59
168	44.0336	59
169	41.7283	58
170	41.9362	58
171	41.8152	60
172	44.6438	60
173	42.7341	60
174	41.2735	58
175	41.6831	58
176	39.8127	56
177	40.5985	56
178	40.3338	56
179	39.4811	58
180	38.6449	58
181	39.1018	58
182	37.4296	56
183	41.7871	60
184	41.5072	60
185	41.0912	58
186	40.3511	58
187	40.7419	58
188	39.208	58
189	39.9338	59
190	38.3245	58
191	38.0743	54
192	39.8177	60
193	39.5771	60
194	38.2004	58
195	36.6887	56
196	37.4873	58
197	40.6483	55
198	39.4019	60
199	38.6616	60
200	38.6501	60
201	36.1649	58
202	38.5454	60
203	36.5475	58
204	35.7997	56
205	38.6748	57
206	43.2123	57
207	43.6319	57
208	42.7447	59
209	42.7582	57
210	42.4284	57
211	41.0678	55
212	42.9054	58
213	40.5666	57
214	44.2544	60
215	44.3772	60
216	46.0671	61
217	43.8292	61
218	44.5082	61
219	43.092	59
220	43.0821	59
221	43.6603	59
222	43.5972	58
223	42.1081	59
224	42.1004	58
225	42.1977	58
226	41.3498	58
227	41.7648	56
228	42.4654	58
229	40.0813	57
230	40.593	58
231	39.9883	57
232	41.562	58
233	37.7389	58
234	37.3414	55
235	40.4777	58
236	40.5744	59
237	38.0797	57
238	37.4332	56
239	37.2317	58
240	40.6096	57
241	40.3474	58
242	40.8463	55
243	41.88	55
244	39.3218	55
245	41.0631	58
246	39.6783	59
247	40.1883	58
248	40.5083	56
249	41.8921	57
250	39.6508	59
251	44.638	59
252	44.1299	58
253	44.5147	57
254	45.7363	58
255	44.924	58
256	43.8672	58
257	45.698	60
258	43.9458	58
259	45.8156	60
260	45.7498	60
261	46.1288	60
262	47.2941	60
263	43.5597	58
264	42.1436	60
265	42.912	60
266	44.308	60
267	44.3336	61
268	45.9108	63
269	43.2527	60
270	43.0458	59
271	44.5334	60
272	46.6505	63
273	42.414	59
274	42.5982	57
275	43.1201	60
276	45.6019	61
277	44.0769	58
278	42.7589	56
279	45.7679	60
280	43.2293	58
281	44.9835	60
282	44.8573	61
283	46.8755	63
284	46.7696	60
285	42.9452	58
286	39.6432	58
287	42.3351	58
288	43.9026	56
289	44.7463	58
290	41.7881	58
291	41.4942	57
292	42.5774	58
293	43.0494	58
294	41.6279	57
295	42.0577	59
296	41.323	55
297	41.8317	58
298	42.8975	59
299	40.6683	58
300	40.7416	57
301	41.7735	58
302	40.7159	55
303	42.9253	58
304	39.0958	58
305	39.9173	56
306	38.65	58
307	37.5331	58
308	38.1683	56
309	37.4345	58
310	38.8738	57
311	36.5882	58
312	40.6421	61
313	37.9321	59
314	38.3219	58
315	36.5913	58
316	36.3138	59
317	38.4163	56
318	37.5592	55
319	35.3375	57
320	35.695	57
321	37.3254	59
322	38.5193	63
323	36.0944	63
324	36.9959	59
325	36.8987	57
326	35.9552	57
327	36.8645	56
328	42.6815	60
329	41.6824	60
330	41.8803	58
331	40.7088	56
332	41.8339	60
333	41.4994	58
334	41.2138	56
335	40.6413	56
336	41.6028	60
337	41.3756	56
338	40.7927	58
339	40.5819	58
340	40.7613	56
341	40.3423	58
342	39.4092	57
343	38.7618	58
344	39.0718	58
345	38.5733	58
346	39.4102	57
347	40.0883	61
348	39.1869	57
349	37.8469	56
350	38.311	60
351	41.8194	58
352	41.501	56
353	41.2925	59
354	39.8301	54
355	40.3559	58
356	38.6808	56
357	38.7645	58
358	38.6943	58
359	37.419	54
360	40.8296	60
361	40.422	60
362	39.7017	60
363	39.4291	58
364	38.4875	56
365	36.5781	56
366	37.4679	56
367	40.7609	58
368	42.3595	58
369	41.7247	57
370	44.8708	60
371	44.8807	60
372	43.8241	61
373	43.8661	59
374	44.5324	59
375	41.7643	58
376	42.2335	57
377	40.8587	54
378	41.6403	55
379	41.4103	60
380	42.2714	60
381	42.613	60
382	43.0977	58
383	43.5407	58
384	41.7801	57
385	41.7099	55
386	38.9863	57
387	39.5713	56
388	38.9011	53
389	39.2338	60
390	41.7507	60
391	40.9112	56
392	40.7977	56
393	40.3361	58
394	40.1514	57
395	39.2195	55
396	41.7802	61
397	39.2526	58
398	37.8041	54
399	36.8758	56
400	38.6287	58
401	39.4143	58
402	38.0711	58
403	36.1906	55
404	38.9088	62
405	40.5603	62
406	39.2815	58
407	38.5731	58
408	40.8589	60
409	38.1933	60
410	41.0958	60
411	39.5746	60
412	37.542	58
413	38.3291	60
414	36.2608	58
415	38.2925	54
416	37.6272	55
417	36.7055	56
418	35.8849	63
419	35.4944	60
420	34.5993	62
421	37.1797	59
422	35.2192	60
423	36.1347	56
424	36.6439	55
425	36.1669	58
426	34.7506	56
427	34.5728	57
428	35.8644	63
429	34.2808	59
430	34.1365	59
431	35.8282	57
432	40.7562	54
433	41.521	54
434	40.8379	54
435	40.3729	55
436	39.5307	54
437	38.6125	53
438	38.7585	54
439	39.9226	57
440	38.3827	55
441	38.1927	57
442	39.0735	57
443	38.6313	58
444	37.2262	55
445	35.5793	56
446	37.4016	57
447	40.0924	57
448	38.322	54
449	38.2728	53
450	38.1024	57
451	40.4301	60
452	41.379	58
453	41.0627	56
454	41.1059	56
455	40.0452	58
456	41.8969	60
457	40.8682	56
458	41.1017	56
459	39.538	58
460	40.0616	55
461	38.9388	56
462	38.3186	58
463	39.7895	57
464	40.5153	56
465	39.5589	54
466	38.083	56
467	36.8205	55
468	38.2568	60
469	40.0768	57
470	40.3333	60
471	39.1932	58
472	37.8347	56
473	36.8475	60
474	37.3681	57
475	40.0746	57
476	38.4522	60
477	40.0022	60
478	38.5269	60
479	38.0677	60
480	39.3366	62
481	36.9115	56
482	35.9945	53
483	37.8145	57
484	36.6179	58
485	36.6645	56
486	36.6543	56
487	37.3989	55
488	40.074	54
489	35.9614	54
490	38.7415	56
491	38.5805	54
492	36.4979	56
493	34.1458	55
494	37.2646	54
495	37.2494	53
496	38.285	55
497	38.7002	55
498	36.9103	57
499	37.6719	55
500	36.4537	58
501	39.1201	56
502	36.5464	55
503	35.8065	57
504	36.1166	57
505	38.4295	54
506	37.6244	60
507	40.4973	60
508	38.8688	60
509	38.8526	60
510	38.1584	58
511	38.2937	56
512	38.73	58
513	39.5038	60
514	38.4859	60
515	39.0489	60
516	37.4961	58
517	37.4844	58
518	39.3264	60
519	37.8404	58
520	40.7435	60
521	41.1946	60
522	39.2991	60
523	39.1485	60
524	38.8558	58
525	37.6599	58
526	37.2301	58
527	37.0348	58
528	37.7898	60
529	36.8765	62
530	37.2078	60
531	39.2175	62
532	37.4111	55
533	35.6943	55
534	34.9163	54
535	35.7362	54
536	35.2595	54
537	35.1532	54
